# single-pass

precision: 72.927326
mAP: 69.947946


# 3-pass
precision: 73.210168
mAP: 70.152831


