# single-pass

precision: 73.514313
mAP: 74.605483


# 3-pass
precision: 73.526913  
mAP: 74.658108


# pca-distilling
precision: 73.889112
mAP: 75.091755


#conv-distilling
precision: 73.600262
mAP: 74.573117

