# single-pass

precision: 72.927326
mAP: 74.215347


# 3-pass
precision: 73.210168
mAP: 74.399233

